1164185
53789
3635
28936
105148
12244
195384
11567
16766
741325
105259
178553
22827
49119
29592
143093
749701
321195
89391
12189
10153
3590
7035
41690
7623
30045
40454
106841
35531
74909
70516
390456
125133
52527
60712
66327
30235
23139
34018
89877
17758
178466
35238
31735
11874
3931
1175630
26195
584557
68511
33147
516937
5521
7767
17106
28409
143243
140676
49735
22988
25985
4666
4652
23131
247723
12843
148680
259930
1797772
507924
365064
1096983
517317
647500
179008
20876
986232
10132
170
570
2546
738
542
411
627
24965
152078
45633
1495
165458
50199
23262
158622
