IN_DEGREE    OUT_DEGREE

POL
[550]	[40]
[50]	[0]
[32]	[8]
[59]	[1]
[30]	[4]
[8]	[47]
[0]	[2]
[0]	[2]
[21]	[9]
[4]	[2]
[6]	[24]
[2]	[16]
[2]	[6]
[304]	[413]
[22]	[63]
[67]	[13]
[23]	[2]
[7]	[27]
[7]	[135]
[3]	[106]
[151]	[6]
[393]	[371]
[470]	[14]
[85]	[46]
[104]	[68]
[11]	[48]
[19]	[54]
[1]	[0]
[3]	[25]
[1]	[20]
[23]	[199]
[0]	[7]
[2]	[3]
[32]	[22]
[15]	[63]
[11]	[123]
[2]	[9]
[28]	[15]
[15]	[79]
[4]	[0]
[199]	[131]
[141]	[0]
[50]	[13]
[16]	[3]
[7]	[14]
[13]	[21]
[3]	[3]
[4]	[2]
[7]	[48]
[38]	[2]
[1]	[2]
[62]	[19]
[8]	[35]
[4]	[21]
[7]	[47]
[5]	[16]
[4]	[9]
[1]	[11]
[6]	[13]
[1]	[5]
[1]	[0]
[1]	[1]
[3]	[2]
[14]	[9]
[28]	[1]
[1]	[1]
[1]	[0]
[0]	[7]
[1]	[4]
[0]	[0]
[8]	[0]
[3]	[0]
[1]	[28]
[0]	[0]
[2]	[3]
[0]	[0]
[7]	[11]
[3]	[2]
[4]	[8]
[0]	[2]
[316]	[8]
[5]	[1]
[146]	[10]
[5]	[15]
[9]	[7]
[346]	[298]
[16]	[58]
[17]	[42]
[5]	[12]
[13]	[108]
[18]	[12]
[55]	[20]
[47]	[29]
[4]	[14]
[29]	[132]
[42]	[102]
[17]	[54]
[36]	[4]
[37]	[96]
[41]	[82]

NEWS
[37]	[1]
[24]	[79]
[19]	[42]
[8]	[1]
[10]	[1]
[6]	[33]
[4]	[63]
[2]	[1]
[1]	[0]
[188]	[199]
[1]	[1]
[60]	[530]
[26]	[73]
[9]	[38]
[0]	[12]
[47]	[92]
[27]	[33]
[67]	[54]
[16]	[3]
[17]	[0]
[17]	[3]
[17]	[0]
[24]	[14]
[21]	[10]
[14]	[0]
[17]	[3]
[20]	[23]
[16]	[1]
[20]	[13]
[15]	[0]
[2]	[0]
[2]	[0]
[0]	[0]
[0]	[0]
[10]	[11]
[4]	[42]
[3]	[15]
[0]	[1]
[4]	[3]
[0]	[12]

FNP
[0]	[0]
[0]	[0]
[1]	[13]
[5]	[36]
[19]	[98]
[95]	[1]
[18]	[13]
[4]	[4]
[0]	[6]
[17]	[1]
[13]	[59]
[77]	[73]
[0]	[1]
[0]	[0]
[0]	[0]
[4]	[6]
[8]	[13]
[2]	[7]
[67]	[88]
[0]	[15]







AVERAGES DEG IN
>POL -> 43.48
>NEWS -> 21.23
>FNP -> 13.35

AVERAGES DEG OUT
>POL -> 35.27
>NEWS -> 39.25
>FNP -> 17.3