68740712
310187114
202372417
200194757
1102891902108618753
447260411
2190755568
977549977944821760
1003895325025865730
198832885
16084460
18806761
900231078
50982086
74205573
911000017
280405370
402219133
18097083
40900410
303168830
20509689
523386042
307570052
224074203
1637483929
397867366
2300055003
2365318187
1200268172
121803322
380456440
3436686957
579741408
149064381
18979745
283559538
278955879
77963344
343447873
2201623465
260788584
2216589010
2876878144
1136236737326395393
1109573601995440129
1138406986582806529
805508913261146112
1115297214325194755
1118941682
714011375031435264
48976307
154110601
3050371833
2379309613
266066285
65858141
1326748596
1095238556530995200
447415652
158342368
2288138575
1269484171
784574954
482389606
344739325
529634658
4119160593
3346916993
248179184
25555639
3096575289
108670198
372812630
2397043430
392199690
3005765446
998650076519116801
2495032879
2301243672
108994652
3351784787
552561770
173541298
268927636
19028805
144995624
2609822834
616501118
2591051161
2223841798
2765834914
1267843368
2250812558
1635846486
2613131558
1196286932
625552603
249122306
1400848982
7996082
15442630
20448792
14436030
19923515
169538164
38640768
22914352
226144052
74453123
107460646
112694236
198829810
8204452
14304620
1111444609
1713259195
22954354
320863192
1024011500
902495410903756800
392749463
270996365
299886612
244132654
198234233
234850566
252272255
41097292
14225088
5107341
45544223
240823737
15581283
102687520
70525013
44898619
137354094
387315822
224074203
496754154
27038703
271567977
12895152
78106895
17214331
241993704
870518544
