68740712	50982086
68740712	50982086
68740712	1003895325025865730
68740712	74205573
68740712	1102891902108618753
68740712	50982086
68740712	7996082
68740712	50982086
68740712	50982086
68740712	50982086
68740712	310187114
68740712	50982086
68740712	50982086
68740712	280405370
68740712	50982086
68740712	50982086
68740712	50982086
68740712	50982086
68740712	911000017
68740712	50982086
68740712	50982086
68740712	911000017
68740712	50982086
68740712	1713259195
68740712	50982086
68740712	200194757
68740712	50982086
68740712	50982086
68740712	50982086
68740712	74453123
68740712	1111444609
68740712	50982086
68740712	50982086
68740712	202372417
68740712	280405370
68740712	50982086
68740712	50982086
68740712	50982086
68740712	50982086
68740712	50982086
202372417	112694236
202372417	310187114
202372417	50982086
202372417	50982086
202372417	50982086
202372417	50982086
1102891902108618753	169538164
1102891902108618753	68740712
1102891902108618753	169538164
1102891902108618753	169538164
447260411	1003895325025865730
447260411	50982086
1003895325025865730	68740712
1003895325025865730	74205573
1003895325025865730	68740712
1003895325025865730	68740712
1003895325025865730	68740712
1003895325025865730	68740712
1003895325025865730	68740712
1003895325025865730	74205573
1003895325025865730	7996082
198832885	16084460
16084460	50982086
16084460	68740712
16084460	50982086
16084460	50982086
16084460	310187114
16084460	50982086
16084460	50982086
16084460	68740712
16084460	15442630
16084460	68740712
16084460	50982086
16084460	68740712
16084460	68740712
16084460	68740712
16084460	68740712
16084460	50982086
16084460	50982086
16084460	68740712
16084460	50982086
16084460	523386042
16084460	2201623465
16084460	108994652
16084460	50982086
18806761	50982086
18806761	50982086
18806761	50982086
18806761	50982086
18806761	900231078
18806761	900231078
18806761	68740712
18806761	7996082
18806761	50982086
18806761	68740712
18806761	68740712
18806761	68740712
18806761	200194757
18806761	50982086
900231078	50982086
900231078	68740712
900231078	68740712
900231078	552561770
900231078	200194757
50982086	68740712
50982086	68740712
50982086	68740712
50982086	68740712
50982086	68740712
50982086	68740712
50982086	68740712
50982086	68740712
50982086	68740712
50982086	68740712
50982086	68740712
50982086	68740712
50982086	74205573
50982086	1003895325025865730
50982086	1003895325025865730
50982086	1102891902108618753
50982086	68740712
50982086	1003895325025865730
50982086	74205573
50982086	1102891902108618753
50982086	68740712
50982086	68740712
50982086	68740712
50982086	1003895325025865730
50982086	74205573
50982086	1102891902108618753
50982086	68740712
50982086	68740712
50982086	68740712
50982086	68740712
50982086	68740712
50982086	68740712
50982086	68740712
50982086	68740712
50982086	68740712
50982086	68740712
50982086	68740712
50982086	74205573
50982086	1003895325025865730
50982086	1102891902108618753
50982086	68740712
50982086	68740712
50982086	68740712
50982086	68740712
50982086	200194757
50982086	68740712
50982086	68740712
50982086	68740712
50982086	68740712
50982086	68740712
50982086	68740712
50982086	68740712
50982086	68740712
50982086	68740712
50982086	68740712
50982086	68740712
50982086	68740712
50982086	68740712
50982086	68740712
50982086	68740712
50982086	68740712
50982086	68740712
50982086	68740712
50982086	68740712
50982086	68740712
50982086	68740712
50982086	68740712
50982086	68740712
50982086	68740712
50982086	7996082
50982086	310187114
50982086	310187114
50982086	310187114
50982086	68740712
50982086	310187114
50982086	310187114
50982086	310187114
50982086	310187114
50982086	310187114
50982086	310187114
50982086	310187114
50982086	2216589010
50982086	310187114
50982086	310187114
50982086	310187114
50982086	310187114
50982086	68740712
50982086	310187114
50982086	22954354
50982086	68740712
50982086	68740712
50982086	68740712
50982086	68740712
50982086	68740712
50982086	68740712
50982086	68740712
50982086	280405370
50982086	280405370
50982086	68740712
50982086	68740712
50982086	68740712
50982086	280405370
50982086	68740712
50982086	280405370
50982086	68740712
50982086	68740712
50982086	280405370
50982086	68740712
50982086	68740712
50982086	310187114
50982086	22954354
50982086	68740712
50982086	68740712
50982086	68740712
50982086	68740712
50982086	68740712
50982086	68740712
50982086	68740712
50982086	68740712
50982086	68740712
50982086	68740712
50982086	68740712
50982086	68740712
50982086	68740712
50982086	68740712
50982086	68740712
50982086	68740712
50982086	68740712
50982086	200194757
50982086	68740712
50982086	68740712
50982086	68740712
50982086	310187114
50982086	22954354
50982086	68740712
50982086	200194757
50982086	68740712
50982086	68740712
50982086	68740712
50982086	68740712
50982086	68740712
50982086	68740712
50982086	68740712
50982086	68740712
50982086	911000017
50982086	911000017
50982086	68740712
50982086	911000017
50982086	68740712
50982086	911000017
50982086	68740712
50982086	68740712
50982086	68740712
50982086	68740712
50982086	911000017
50982086	68740712
50982086	68740712
50982086	68740712
50982086	68740712
50982086	68740712
50982086	68740712
50982086	68740712
50982086	911000017
50982086	68740712
50982086	911000017
50982086	68740712
50982086	68740712
50982086	911000017
50982086	68740712
50982086	68740712
50982086	1713259195
50982086	68740712
50982086	1713259195
50982086	68740712
50982086	1713259195
50982086	68740712
50982086	1713259195
50982086	68740712
50982086	1713259195
50982086	68740712
50982086	1713259195
50982086	68740712
50982086	1713259195
50982086	68740712
50982086	1713259195
50982086	68740712
50982086	1713259195
50982086	68740712
50982086	1713259195
50982086	68740712
50982086	1713259195
50982086	68740712
50982086	1713259195
50982086	68740712
50982086	1713259195
50982086	68740712
50982086	68740712
50982086	1713259195
50982086	68740712
50982086	68740712
50982086	68740712
50982086	68740712
50982086	68740712
50982086	200194757
50982086	200194757
50982086	200194757
50982086	200194757
50982086	68740712
50982086	200194757
50982086	68740712
50982086	68740712
50982086	200194757
50982086	202372417
50982086	202372417
50982086	68740712
50982086	68740712
50982086	68740712
50982086	68740712
50982086	68740712
50982086	68740712
50982086	68740712
50982086	68740712
50982086	68740712
50982086	68740712
50982086	68740712
50982086	68740712
50982086	68740712
50982086	402219133
50982086	68740712
50982086	68740712
50982086	68740712
50982086	68740712
50982086	68740712
50982086	68740712
50982086	68740712
50982086	202372417
50982086	202372417
50982086	68740712
50982086	68740712
50982086	68740712
50982086	68740712
50982086	68740712
50982086	68740712
50982086	523386042
50982086	68740712
50982086	68740712
50982086	68740712
50982086	523386042
50982086	68740712
50982086	68740712
50982086	68740712
50982086	68740712
50982086	68740712
50982086	68740712
50982086	68740712
50982086	68740712
50982086	68740712
50982086	68740712
50982086	68740712
50982086	68740712
50982086	68740712
50982086	68740712
50982086	68740712
50982086	68740712
50982086	523386042
50982086	68740712
50982086	68740712
50982086	68740712
50982086	68740712
50982086	447260411
50982086	447260411
50982086	68740712
50982086	68740712
50982086	202372417
50982086	202372417
50982086	202372417
50982086	202372417
50982086	202372417
50982086	68740712
50982086	41097292
50982086	200194757
50982086	68740712
50982086	68740712
50982086	74453123
50982086	202372417
50982086	202372417
50982086	200194757
50982086	200194757
50982086	200194757
50982086	202372417
50982086	202372417
50982086	202372417
50982086	202372417
50982086	74205573
50982086	202372417
50982086	74205573
50982086	19923515
50982086	18806761
50982086	202372417
50982086	74205573
50982086	68740712
50982086	200194757
50982086	68740712
50982086	74453123
50982086	1111444609
50982086	1111444609
50982086	68740712
50982086	1111444609
50982086	1111444609
50982086	68740712
50982086	68740712
50982086	68740712
50982086	68740712
50982086	1111444609
50982086	68740712
50982086	1111444609
50982086	68740712
50982086	68740712
50982086	68740712
50982086	1111444609
50982086	68740712
50982086	68740712
50982086	68740712
50982086	1111444609
50982086	68740712
50982086	68740712
50982086	1111444609
50982086	68740712
50982086	1111444609
50982086	22954354
50982086	1111444609
50982086	200194757
50982086	68740712
50982086	1111444609
50982086	68740712
50982086	22954354
50982086	68740712
50982086	200194757
50982086	200194757
50982086	200194757
50982086	68740712
50982086	68740712
50982086	68740712
50982086	68740712
50982086	68740712
50982086	68740712
50982086	68740712
50982086	280405370
50982086	202372417
50982086	202372417
50982086	202372417
50982086	68740712
50982086	202372417
50982086	280405370
50982086	68740712
50982086	202372417
50982086	280405370
50982086	68740712
50982086	68740712
50982086	202372417
50982086	280405370
50982086	68740712
50982086	68740712
50982086	200194757
50982086	200194757
50982086	200194757
50982086	200194757
50982086	200194757
50982086	303168830
50982086	200194757
50982086	200194757
50982086	200194757
50982086	200194757
50982086	200194757
50982086	200194757
50982086	200194757
50982086	200194757
50982086	200194757
50982086	200194757
50982086	68740712
50982086	68740712
50982086	68740712
50982086	68740712
50982086	68740712
50982086	68740712
50982086	68740712
50982086	68740712
50982086	68740712
50982086	68740712
50982086	68740712
50982086	68740712
50982086	68740712
50982086	68740712
50982086	200194757
50982086	68740712
50982086	68740712
50982086	402219133
50982086	402219133
50982086	402219133
50982086	22954354
50982086	68740712
50982086	68740712
50982086	68740712
50982086	68740712
50982086	68740712
50982086	68740712
50982086	68740712
50982086	68740712
50982086	68740712
50982086	68740712
74205573	74205573
74205573	7996082
74205573	74205573
74205573	50982086
74205573	7996082
74205573	280405370
74205573	74205573
74205573	7996082
74205573	68740712
74205573	7996082
74205573	74205573
74205573	7996082
74205573	7996082
74205573	7996082
74205573	74205573
74205573	7996082
74205573	68740712
74205573	50982086
74205573	7996082
74205573	68740712
74205573	50982086
74205573	68740712
74205573	50982086
74205573	74205573
74205573	7996082
74205573	7996082
74205573	7996082
74205573	198234233
74205573	68740712
74205573	50982086
74205573	74205573
74205573	7996082
74205573	7996082
74205573	7996082
74205573	74205573
74205573	7996082
74205573	7996082
74205573	7996082
74205573	7996082
74205573	7996082
74205573	1102891902108618753
74205573	7996082
74205573	7996082
74205573	7996082
74205573	7996082
74205573	7996082
911000017	998650076519116801
911000017	68740712
911000017	50982086
911000017	68740712
911000017	50982086
911000017	68740712
911000017	50982086
911000017	50982086
911000017	68740712
911000017	50982086
911000017	68740712
911000017	68740712
911000017	50982086
280405370	280405370
280405370	280405370
402219133	310187114
402219133	50982086
402219133	50982086
402219133	68740712
402219133	68740712
402219133	68740712
402219133	68740712
402219133	40900410
402219133	200194757
402219133	50982086
402219133	200194757
402219133	50982086
402219133	200194757
402219133	50982086
402219133	200194757
402219133	200194757
402219133	200194757
402219133	200194757
402219133	200194757
402219133	200194757
402219133	50982086
18097083	50982086
18097083	911000017
18097083	911000017
18097083	911000017
18097083	50982086
18097083	911000017
18097083	68740712
18097083	911000017
18097083	911000017
18097083	911000017
18097083	68740712
18097083	911000017
18097083	18097083
18097083	911000017
18097083	68740712
18097083	523386042
18097083	108994652
18097083	911000017
18097083	911000017
18097083	68740712
18097083	50982086
18097083	18097083
18097083	911000017
18097083	911000017
18097083	278955879
18097083	198832885
18097083	198832885
18097083	50982086
18097083	50982086
18097083	911000017
18097083	50982086
18097083	278955879
18097083	68740712
18097083	68740712
18097083	911000017
18097083	68740712
18097083	68740712
18097083	68740712
18097083	68740712
18097083	50982086
18097083	50982086
18097083	50982086
18097083	68740712
18097083	50982086
18097083	68740712
18097083	911000017
18097083	68740712
18097083	911000017
18097083	68740712
18097083	911000017
18097083	911000017
18097083	911000017
18097083	68740712
18097083	20509689
18097083	50982086
18097083	68740712
18097083	68740712
18097083	50982086
18097083	68740712
18097083	911000017
18097083	68740712
18097083	911000017
18097083	911000017
18097083	68740712
18097083	50982086
18097083	68740712
18097083	50982086
18097083	68740712
18097083	68740712
18097083	50982086
18097083	911000017
18097083	911000017
18097083	911000017
18097083	50982086
18097083	911000017
18097083	68740712
18097083	68740712
18097083	911000017
18097083	50982086
18097083	68740712
18097083	911000017
18097083	68740712
18097083	911000017
18097083	911000017
18097083	68740712
18097083	911000017
18097083	68740712
18097083	68740712
18097083	50982086
18097083	911000017
18097083	68740712
18097083	68740712
18097083	68740712
18097083	911000017
18097083	68740712
18097083	68740712
18097083	911000017
18097083	68740712
18097083	911000017
18097083	68740712
18097083	911000017
18097083	68740712
18097083	50982086
18097083	911000017
18097083	911000017
18097083	50982086
18097083	20509689
18097083	911000017
18097083	911000017
18097083	911000017
18097083	911000017
18097083	108994652
18097083	911000017
18097083	911000017
18097083	911000017
18097083	911000017
18097083	911000017
18097083	911000017
18097083	68740712
18097083	50982086
18097083	50982086
18097083	50982086
18097083	911000017
18097083	68740712
18097083	911000017
18097083	911000017
18097083	911000017
18097083	50982086
18097083	20509689
40900410	50982086
40900410	50982086
40900410	68740712
40900410	50982086
40900410	68740712
40900410	68740712
40900410	68740712
40900410	68740712
40900410	310187114
40900410	50982086
40900410	50982086
40900410	50982086
40900410	50982086
40900410	447260411
40900410	50982086
40900410	68740712
40900410	50982086
40900410	50982086
40900410	50982086
40900410	50982086
40900410	50982086
40900410	50982086
40900410	50982086
40900410	68740712
40900410	50982086
40900410	50982086
40900410	50982086
40900410	50982086
40900410	50982086
40900410	50982086
40900410	50982086
40900410	50982086
40900410	50982086
40900410	50982086
40900410	50982086
40900410	68740712
40900410	50982086
40900410	50982086
40900410	50982086
40900410	200194757
40900410	50982086
40900410	68740712
40900410	200194757
40900410	447260411
303168830	27038703
303168830	200194757
303168830	50982086
20509689	523386042
20509689	523386042
20509689	523386042
20509689	523386042
20509689	523386042
20509689	523386042
20509689	523386042
20509689	523386042
20509689	523386042
20509689	523386042
20509689	523386042
20509689	307570052
20509689	307570052
20509689	307570052
20509689	307570052
20509689	523386042
20509689	523386042
20509689	303168830
20509689	523386042
20509689	523386042
20509689	523386042
20509689	523386042
20509689	523386042
20509689	523386042
20509689	523386042
20509689	523386042
20509689	523386042
20509689	523386042
20509689	224074203
20509689	224074203
20509689	224074203
20509689	224074203
20509689	523386042
20509689	523386042
20509689	523386042
20509689	523386042
20509689	303168830
20509689	303168830
20509689	523386042
20509689	303168830
20509689	307570052
20509689	307570052
20509689	307570052
20509689	307570052
20509689	307570052
20509689	307570052
20509689	307570052
20509689	307570052
20509689	307570052
20509689	307570052
20509689	307570052
20509689	523386042
20509689	307570052
20509689	307570052
20509689	22954354
20509689	224074203
20509689	224074203
20509689	224074203
20509689	224074203
20509689	224074203
20509689	224074203
20509689	224074203
20509689	224074203
20509689	523386042
20509689	224074203
20509689	224074203
20509689	224074203
20509689	224074203
20509689	523386042
20509689	523386042
20509689	523386042
20509689	523386042
20509689	523386042
20509689	523386042
20509689	523386042
20509689	523386042
20509689	523386042
20509689	523386042
20509689	523386042
20509689	523386042
20509689	523386042
20509689	523386042
20509689	523386042
20509689	523386042
20509689	523386042
20509689	523386042
20509689	523386042
20509689	523386042
20509689	523386042
20509689	224074203
20509689	224074203
20509689	224074203
20509689	224074203
20509689	224074203
20509689	224074203
20509689	523386042
20509689	224074203
20509689	224074203
20509689	224074203
20509689	224074203
20509689	523386042
20509689	224074203
20509689	224074203
20509689	224074203
20509689	224074203
20509689	224074203
20509689	224074203
20509689	1713259195
20509689	1713259195
20509689	1713259195
20509689	1713259195
20509689	224074203
20509689	224074203
20509689	224074203
20509689	224074203
20509689	523386042
20509689	224074203
20509689	224074203
20509689	523386042
20509689	523386042
20509689	523386042
20509689	523386042
20509689	523386042
20509689	523386042
20509689	523386042
20509689	523386042
20509689	523386042
20509689	523386042
20509689	523386042
20509689	523386042
20509689	523386042
20509689	523386042
20509689	523386042
20509689	523386042
20509689	523386042
20509689	523386042
20509689	523386042
20509689	523386042
20509689	523386042
20509689	523386042
20509689	523386042
20509689	523386042
20509689	523386042
20509689	523386042
20509689	523386042
20509689	523386042
20509689	523386042
20509689	303168830
20509689	303168830
20509689	523386042
20509689	523386042
20509689	523386042
20509689	523386042
20509689	523386042
20509689	523386042
20509689	1637483929
20509689	1637483929
20509689	523386042
20509689	303168830
20509689	224074203
20509689	224074203
20509689	523386042
20509689	224074203
20509689	224074203
20509689	523386042
20509689	224074203
20509689	224074203
20509689	224074203
20509689	224074203
20509689	307570052
20509689	307570052
20509689	523386042
20509689	303168830
20509689	307570052
20509689	307570052
20509689	523386042
20509689	523386042
20509689	523386042
20509689	307570052
20509689	523386042
20509689	224074203
20509689	224074203
20509689	224074203
20509689	224074203
20509689	224074203
20509689	224074203
20509689	303168830
20509689	523386042
20509689	303168830
20509689	303168830
20509689	303168830
20509689	303168830
20509689	303168830
20509689	303168830
20509689	523386042
20509689	523386042
20509689	523386042
20509689	523386042
20509689	523386042
20509689	523386042
20509689	523386042
20509689	523386042
20509689	523386042
20509689	523386042
20509689	523386042
20509689	523386042
20509689	523386042
20509689	523386042
20509689	523386042
20509689	523386042
20509689	523386042
20509689	303168830
20509689	303168830
20509689	303168830
20509689	303168830
20509689	523386042
20509689	523386042
20509689	523386042
20509689	523386042
20509689	523386042
20509689	523386042
20509689	523386042
20509689	523386042
20509689	523386042
20509689	523386042
20509689	523386042
20509689	523386042
20509689	523386042
20509689	523386042
20509689	523386042
20509689	523386042
20509689	7996082
20509689	523386042
20509689	523386042
20509689	224074203
20509689	224074203
20509689	523386042
20509689	224074203
20509689	224074203
20509689	224074203
20509689	224074203
20509689	224074203
20509689	224074203
20509689	224074203
20509689	224074203
20509689	523386042
20509689	224074203
20509689	224074203
20509689	224074203
20509689	224074203
20509689	224074203
20509689	224074203
20509689	523386042
20509689	283559538
20509689	523386042
20509689	224074203
20509689	224074203
20509689	523386042
20509689	523386042
20509689	523386042
20509689	523386042
20509689	523386042
20509689	523386042
20509689	523386042
20509689	523386042
20509689	523386042
20509689	307570052
20509689	307570052
20509689	307570052
20509689	523386042
20509689	523386042
20509689	523386042
20509689	307570052
20509689	523386042
20509689	14436030
20509689	278955879
20509689	523386042
20509689	1111444609
20509689	224074203
20509689	224074203
20509689	224074203
20509689	224074203
20509689	224074203
20509689	224074203
20509689	523386042
20509689	224074203
20509689	224074203
20509689	224074203
20509689	224074203
20509689	224074203
20509689	224074203
20509689	224074203
20509689	224074203
20509689	523386042
20509689	303168830
20509689	77963344
20509689	303168830
20509689	303168830
20509689	77963344
20509689	303168830
20509689	303168830
20509689	77963344
20509689	523386042
20509689	523386042
20509689	523386042
20509689	523386042
20509689	523386042
20509689	523386042
20509689	523386042
20509689	523386042
20509689	579741408
20509689	523386042
20509689	579741408
20509689	579741408
20509689	523386042
20509689	579741408
20509689	523386042
20509689	307570052
20509689	579741408
20509689	523386042
20509689	523386042
20509689	523386042
20509689	523386042
20509689	523386042
20509689	523386042
20509689	303168830
20509689	523386042
20509689	303168830
20509689	303168830
20509689	303168830
20509689	303168830
20509689	303168830
20509689	303168830
20509689	303168830
20509689	303168830
20509689	303168830
20509689	303168830
20509689	523386042
20509689	224074203
20509689	224074203
20509689	224074203
20509689	224074203
20509689	224074203
20509689	224074203
20509689	224074203
20509689	224074203
20509689	224074203
20509689	224074203
20509689	303168830
20509689	523386042
20509689	523386042
20509689	523386042
20509689	523386042
20509689	523386042
20509689	523386042
20509689	523386042
20509689	523386042
20509689	523386042
20509689	523386042
20509689	523386042
20509689	523386042
20509689	523386042
20509689	523386042
20509689	523386042
20509689	523386042
20509689	523386042
20509689	303168830
523386042	77963344
523386042	278955879
523386042	307570052
523386042	20509689
307570052	20509689
307570052	523386042
307570052	20509689
307570052	523386042
307570052	523386042
307570052	20509689
307570052	20509689
307570052	20509689
307570052	20509689
307570052	523386042
307570052	22954354
307570052	20509689
307570052	523386042
307570052	22954354
307570052	20509689
307570052	20509689
307570052	523386042
307570052	523386042
307570052	22954354
307570052	523386042
307570052	20509689
307570052	20509689
307570052	523386042
307570052	20509689
307570052	343447873
307570052	20509689
307570052	20509689
307570052	523386042
307570052	579741408
307570052	20509689
307570052	523386042
307570052	20509689
307570052	523386042
307570052	523386042
307570052	523386042
307570052	20509689
224074203	68740712
224074203	20509689
224074203	20509689
224074203	20509689
224074203	20509689
224074203	20509689
224074203	20509689
224074203	20509689
224074203	20509689
224074203	579741408
224074203	20509689
224074203	20509689
224074203	20509689
224074203	523386042
224074203	20509689
224074203	20509689
224074203	20509689
224074203	20509689
224074203	20509689
224074203	20509689
224074203	20509689
224074203	523386042
224074203	20509689
1637483929	20509689
1637483929	523386042
1637483929	20509689
1637483929	38640768
1637483929	523386042
1637483929	20509689
1637483929	20509689
1637483929	20509689
1637483929	523386042
1637483929	523386042
1637483929	20509689
1637483929	121803322
1637483929	523386042
1637483929	20509689
1637483929	121803322
1637483929	523386042
1637483929	20509689
1637483929	121803322
1637483929	20509689
1637483929	523386042
1637483929	523386042
1637483929	523386042
1637483929	523386042
1637483929	579741408
1637483929	579741408
1637483929	523386042
1637483929	20509689
397867366	523386042
397867366	523386042
397867366	523386042
397867366	523386042
397867366	523386042
397867366	19923515
397867366	579741408
397867366	579741408
397867366	523386042
397867366	579741408
397867366	19923515
397867366	523386042
397867366	121803322
397867366	523386042
397867366	523386042
397867366	523386042
397867366	523386042
397867366	523386042
397867366	523386042
397867366	523386042
397867366	523386042
397867366	523386042
397867366	20509689
397867366	579741408
397867366	523386042
397867366	579741408
397867366	579741408
397867366	579741408
397867366	523386042
397867366	523386042
2365318187	523386042
2365318187	523386042
2365318187	20509689
2365318187	68740712
2365318187	68740712
2365318187	68740712
2365318187	523386042
2365318187	523386042
2365318187	523386042
1200268172	224074203
1200268172	224074203
1200268172	50982086
1200268172	2288138575
1200268172	14436030
1200268172	20509689
1200268172	14436030
1200268172	280405370
1200268172	50982086
1200268172	523386042
1200268172	523386042
1200268172	523386042
1200268172	68740712
1200268172	523386042
1200268172	523386042
1200268172	280405370
1200268172	149064381
1200268172	280405370
1200268172	523386042
121803322	523386042
121803322	20509689
121803322	303168830
121803322	523386042
121803322	68740712
121803322	303168830
121803322	303168830
121803322	20509689
121803322	523386042
121803322	20509689
121803322	303168830
121803322	20509689
121803322	77963344
121803322	307570052
121803322	22954354
121803322	303168830
121803322	303168830
121803322	303168830
121803322	303168830
121803322	303168830
121803322	303168830
121803322	303168830
121803322	303168830
121803322	303168830
121803322	20509689
121803322	303168830
121803322	303168830
121803322	303168830
121803322	303168830
121803322	303168830
121803322	303168830
121803322	303168830
121803322	303168830
121803322	523386042
121803322	20509689
121803322	303168830
121803322	20509689
121803322	303168830
121803322	523386042
121803322	20509689
121803322	303168830
121803322	523386042
121803322	20509689
121803322	303168830
121803322	523386042
121803322	20509689
121803322	303168830
121803322	523386042
121803322	20509689
121803322	303168830
121803322	523386042
121803322	20509689
121803322	20509689
121803322	523386042
121803322	303168830
121803322	523386042
121803322	20509689
121803322	303168830
121803322	523386042
121803322	20509689
121803322	303168830
121803322	303168830
121803322	303168830
121803322	303168830
121803322	303168830
121803322	303168830
121803322	303168830
121803322	303168830
121803322	121803322
121803322	303168830
121803322	303168830
121803322	523386042
121803322	20509689
121803322	303168830
121803322	303168830
121803322	303168830
121803322	303168830
121803322	303168830
121803322	523386042
121803322	20509689
121803322	523386042
121803322	303168830
121803322	303168830
121803322	303168830
121803322	19923515
121803322	303168830
121803322	523386042
121803322	20509689
121803322	303168830
121803322	523386042
121803322	20509689
121803322	303168830
121803322	303168830
121803322	303168830
121803322	523386042
121803322	20509689
121803322	121803322
121803322	303168830
121803322	523386042
121803322	20509689
121803322	303168830
121803322	303168830
121803322	523386042
121803322	523386042
121803322	20509689
121803322	303168830
121803322	523386042
121803322	20509689
121803322	303168830
121803322	523386042
121803322	20509689
121803322	303168830
121803322	523386042
121803322	20509689
121803322	303168830
121803322	523386042
121803322	20509689
121803322	303168830
121803322	523386042
121803322	20509689
121803322	303168830
121803322	523386042
121803322	20509689
121803322	303168830
121803322	523386042
121803322	20509689
121803322	303168830
121803322	523386042
121803322	20509689
121803322	303168830
121803322	523386042
121803322	20509689
121803322	303168830
121803322	303168830
121803322	523386042
121803322	303168830
121803322	20509689
121803322	303168830
121803322	303168830
121803322	523386042
121803322	20509689
121803322	303168830
121803322	303168830
121803322	303168830
121803322	303168830
380456440	523386042
380456440	523386042
380456440	523386042
380456440	68740712
380456440	523386042
380456440	68740712
380456440	68740712
3436686957	20509689
3436686957	579741408
3436686957	579741408
579741408	523386042
579741408	20509689
579741408	20509689
579741408	20509689
579741408	20509689
579741408	20509689
579741408	20509689
579741408	20509689
579741408	523386042
579741408	343447873
579741408	523386042
579741408	20509689
579741408	20509689
579741408	523386042
579741408	20509689
579741408	20509689
579741408	523386042
149064381	278955879
149064381	278955879
149064381	20509689
149064381	278955879
149064381	523386042
149064381	278955879
149064381	20509689
149064381	278955879
149064381	523386042
149064381	278955879
149064381	278955879
149064381	149064381
149064381	523386042
149064381	149064381
149064381	20509689
149064381	278955879
149064381	149064381
149064381	20509689
149064381	523386042
149064381	278955879
149064381	278955879
149064381	523386042
149064381	523386042
149064381	523386042
149064381	523386042
149064381	523386042
149064381	523386042
149064381	523386042
149064381	523386042
149064381	20509689
149064381	20509689
149064381	20509689
149064381	20509689
149064381	523386042
149064381	20509689
149064381	523386042
149064381	523386042
149064381	523386042
149064381	523386042
149064381	523386042
149064381	523386042
149064381	20509689
149064381	523386042
149064381	20509689
149064381	20509689
149064381	278955879
149064381	523386042
149064381	278955879
149064381	278955879
149064381	278955879
149064381	523386042
149064381	278955879
149064381	278955879
149064381	20509689
149064381	523386042
149064381	278955879
18979745	523386042
18979745	523386042
18979745	523386042
18979745	523386042
18979745	20509689
18979745	307570052
18979745	20509689
18979745	523386042
18979745	523386042
18979745	523386042
18979745	523386042
18979745	523386042
18979745	523386042
18979745	523386042
18979745	523386042
18979745	20509689
18979745	20509689
18979745	307570052
18979745	523386042
18979745	523386042
18979745	20509689
18979745	523386042
18979745	523386042
18979745	20509689
18979745	523386042
18979745	523386042
18979745	523386042
18979745	20509689
18979745	523386042
18979745	523386042
18979745	307570052
18979745	307570052
18979745	20509689
18979745	307570052
18979745	20509689
18979745	307570052
18979745	307570052
18979745	307570052
18979745	20509689
18979745	307570052
18979745	307570052
18979745	307570052
18979745	20509689
18979745	523386042
18979745	523386042
18979745	523386042
18979745	523386042
18979745	523386042
18979745	20509689
18979745	523386042
18979745	523386042
18979745	20509689
18979745	20509689
18979745	20509689
18979745	20509689
18979745	307570052
18979745	307570052
18979745	20509689
18979745	20509689
18979745	307570052
18979745	20509689
18979745	20509689
18979745	523386042
18979745	20509689
18979745	20509689
18979745	20509689
18979745	523386042
18979745	20509689
18979745	20509689
18979745	307570052
18979745	523386042
18979745	20509689
18979745	523386042
18979745	523386042
18979745	523386042
18979745	523386042
18979745	20509689
18979745	20509689
18979745	523386042
18979745	523386042
18979745	20509689
18979745	523386042
18979745	523386042
18979745	20509689
18979745	523386042
18979745	523386042
18979745	523386042
18979745	20509689
18979745	20509689
18979745	18979745
18979745	20509689
18979745	307570052
18979745	20509689
18979745	307570052
18979745	14436030
18979745	523386042
18979745	523386042
18979745	523386042
18979745	523386042
18979745	523386042
18979745	523386042
18979745	523386042
18979745	20509689
18979745	307570052
18979745	20509689
18979745	523386042
18979745	523386042
18979745	523386042
18979745	523386042
18979745	20509689
18979745	523386042
18979745	303168830
18979745	20509689
18979745	303168830
18979745	303168830
18979745	303168830
18979745	303168830
18979745	303168830
18979745	523386042
18979745	523386042
283559538	523386042
283559538	307570052
283559538	523386042
283559538	523386042
283559538	20509689
283559538	41097292
283559538	523386042
283559538	523386042
283559538	523386042
278955879	20509689
278955879	20509689
278955879	20509689
278955879	523386042
278955879	20509689
278955879	523386042
278955879	149064381
278955879	20448792
278955879	20509689
278955879	523386042
278955879	20509689
77963344	303168830
77963344	20509689
77963344	523386042
77963344	77963344
77963344	303168830
77963344	77963344
77963344	303168830
77963344	20509689
77963344	303168830
77963344	224074203
77963344	224074203
77963344	303168830
77963344	307570052
77963344	77963344
77963344	303168830
77963344	20509689
77963344	303168830
77963344	523386042
77963344	303168830
77963344	303168830
77963344	303168830
77963344	523386042
77963344	523386042
77963344	20509689
77963344	303168830
77963344	523386042
77963344	20509689
77963344	303168830
77963344	303168830
77963344	303168830
77963344	303168830
77963344	303168830
77963344	303168830
77963344	303168830
77963344	523386042
77963344	303168830
2201623465	2216589010
2201623465	2216589010
2201623465	2216589010
2201623465	2216589010
2201623465	2216589010
2201623465	2216589010
2201623465	2216589010
2201623465	2216589010
2201623465	2216589010
2201623465	2216589010
2201623465	2216589010
2201623465	260788584
2201623465	2216589010
2201623465	1118941682
2201623465	260788584
2201623465	260788584
2201623465	1118941682
2201623465	2216589010
2201623465	48976307
2201623465	260788584
2201623465	260788584
2201623465	260788584
2201623465	260788584
2201623465	260788584
2201623465	2216589010
2201623465	260788584
2201623465	260788584
2201623465	14225088
2201623465	260788584
2201623465	48976307
2201623465	48976307
2201623465	2876878144
2201623465	2876878144
2201623465	2876878144
2201623465	260788584
2201623465	48976307
2201623465	1118941682
2201623465	2876878144
2201623465	2876878144
2201623465	2876878144
2201623465	2876878144
2201623465	2876878144
2201623465	48976307
2201623465	48976307
2201623465	48976307
2201623465	48976307
2201623465	48976307
2201623465	48976307
2201623465	48976307
2201623465	2216589010
2201623465	48976307
2201623465	27038703
2201623465	2876878144
2201623465	260788584
2201623465	48976307
2201623465	48976307
2201623465	48976307
2201623465	48976307
2201623465	1118941682
2201623465	260788584
2201623465	260788584
2201623465	260788584
2201623465	260788584
2201623465	260788584
2201623465	260788584
2201623465	260788584
2201623465	260788584
2201623465	260788584
2201623465	260788584
2201623465	260788584
2201623465	260788584
2201623465	260788584
2201623465	260788584
2201623465	260788584
2201623465	260788584
2201623465	260788584
2201623465	260788584
2201623465	260788584
2201623465	260788584
2201623465	260788584
2201623465	260788584
2201623465	1109573601995440129
2201623465	1109573601995440129
2201623465	1109573601995440129
2201623465	1109573601995440129
2201623465	48976307
2201623465	1713259195
2201623465	260788584
2201623465	48976307
2201623465	1118941682
2201623465	1118941682
2201623465	1111444609
2201623465	1118941682
2201623465	1111444609
2201623465	1118941682
2201623465	1111444609
2201623465	1118941682
2201623465	1111444609
2201623465	1118941682
2201623465	1111444609
2201623465	1118941682
2201623465	1111444609
2201623465	1118941682
2201623465	1111444609
2201623465	1118941682
2201623465	1111444609
2201623465	1118941682
2201623465	1111444609
2201623465	1111444609
2201623465	1118941682
2201623465	48976307
2201623465	2216589010
2201623465	154110601
2201623465	48976307
2201623465	48976307
2201623465	48976307
2201623465	48976307
2201623465	48976307
2201623465	48976307
2201623465	48976307
2201623465	48976307
2201623465	48976307
2201623465	48976307
2201623465	48976307
2201623465	48976307
2201623465	48976307
2201623465	48976307
2201623465	48976307
2201623465	1118941682
2201623465	1118941682
2216589010	68740712
2216589010	68740712
2216589010	2201623465
2216589010	2201623465
2216589010	2201623465
2216589010	22954354
2216589010	48976307
2216589010	2201623465
2216589010	523386042
2216589010	2201623465
2216589010	12895152
2216589010	48976307
2216589010	27038703
2876878144	48976307
2876878144	154110601
1136236737326395393	1109573601995440129
1136236737326395393	1115297214325194755
1136236737326395393	48976307
1136236737326395393	1109573601995440129
1136236737326395393	48976307
1136236737326395393	22914352
1109573601995440129	2201623465
1109573601995440129	266066285
1109573601995440129	2201623465
1109573601995440129	1136236737326395393
1109573601995440129	1136236737326395393
1109573601995440129	2201623465
1109573601995440129	3439292716
1109573601995440129	2201623465
1109573601995440129	20509689
1109573601995440129	260788584
1109573601995440129	48976307
1109573601995440129	1136236737326395393
1109573601995440129	2201623465
1109573601995440129	2876878144
1109573601995440129	2201623465
1109573601995440129	50982086
1109573601995440129	2201623465
1109573601995440129	2201623465
1109573601995440129	48976307
1109573601995440129	2201623465
1138406986582806529	154110601
1138406986582806529	1138406986582806529
1138406986582806529	1138406986582806529
805508913261146112	805508913261146112
805508913261146112	15581283
1115297214325194755	260788584
1115297214325194755	260788584
1115297214325194755	1118941682
1115297214325194755	260788584
1115297214325194755	2201623465
1115297214325194755	307570052
1115297214325194755	50982086
1115297214325194755	2201623465
1115297214325194755	1109573601995440129
1115297214325194755	260788584
1115297214325194755	303168830
1115297214325194755	68740712
1115297214325194755	50982086
1115297214325194755	784574954
1115297214325194755	2201623465
1115297214325194755	50982086
1115297214325194755	20509689
1115297214325194755	784574954
1115297214325194755	68740712
1115297214325194755	523386042
1115297214325194755	2201623465
1115297214325194755	260788584
1115297214325194755	260788584
1115297214325194755	68740712
1115297214325194755	260788584
1115297214325194755	2201623465
1115297214325194755	260788584
1115297214325194755	260788584
1115297214325194755	2201623465
1115297214325194755	260788584
1115297214325194755	2201623465
1115297214325194755	2201623465
1115297214325194755	2201623465
1115297214325194755	2201623465
1115297214325194755	2201623465
1115297214325194755	2201623465
1115297214325194755	1118941682
1115297214325194755	68740712
1115297214325194755	50982086
1115297214325194755	48976307
1115297214325194755	482389606
1115297214325194755	2201623465
1115297214325194755	260788584
1115297214325194755	48976307
1118941682	27038703
714011375031435264	48976307
48976307	2201623465
48976307	2201623465
48976307	2201623465
48976307	50982086
48976307	68740712
48976307	200194757
48976307	2201623465
48976307	2216589010
48976307	260788584
48976307	2201623465
48976307	19923515
48976307	2201623465
48976307	260788584
48976307	1109573601995440129
48976307	271567977
48976307	2201623465
154110601	19923515
154110601	2201623465
154110601	260788584
154110601	2876878144
154110601	2216589010
154110601	2201623465
154110601	50982086
154110601	2876878144
154110601	48976307
154110601	2201623465
154110601	2201623465
154110601	2201623465
154110601	202372417
154110601	2201623465
154110601	260788584
154110601	2201623465
154110601	1138406986582806529
154110601	48976307
154110601	2876878144
154110601	48976307
154110601	2876878144
154110601	48976307
154110601	2876878144
154110601	48976307
154110601	2201623465
154110601	27038703
154110601	260788584
154110601	2201623465
154110601	2201623465
154110601	7996082
154110601	2201623465
3050371833	2201623465
3050371833	2201623465
3050371833	2201623465
3050371833	2201623465
3050371833	2201623465
3050371833	2201623465
3050371833	2201623465
3050371833	2201623465
3050371833	260788584
3050371833	260788584
3050371833	2201623465
3050371833	260788584
3050371833	260788584
3050371833	260788584
3050371833	260788584
3050371833	68740712
3050371833	260788584
3050371833	2201623465
3050371833	48976307
3050371833	2201623465
2379309613	1118941682
2379309613	260788584
2379309613	2201623465
2379309613	260788584
2379309613	2201623465
2379309613	260788584
2379309613	2201623465
2379309613	2201623465
2379309613	12895152
2379309613	2201623465
2379309613	260788584
2379309613	1118941682
2379309613	2216589010
2379309613	48976307
2379309613	2201623465
2379309613	260788584
2379309613	48976307
2379309613	784574954
2379309613	260788584
2379309613	1136236737326395393
2379309613	2216589010
2379309613	2201623465
2379309613	2216589010
2379309613	2201623465
2379309613	48976307
2379309613	2201623465
2379309613	2216589010
2379309613	2201623465
2379309613	48976307
2379309613	48976307
2379309613	12895152
2379309613	2201623465
2379309613	48976307
2379309613	2216589010
2379309613	3050371833
2379309613	2201623465
2379309613	2216589010
266066285	2201623465
266066285	27038703
266066285	2201623465
266066285	2201623465
266066285	2201623465
266066285	2201623465
266066285	2201623465
266066285	2201623465
266066285	2201623465
266066285	2201623465
266066285	1109573601995440129
266066285	12895152
266066285	2201623465
65858141	260788584
65858141	2201623465
65858141	2201623465
65858141	2201623465
65858141	48976307
1326748596	2201623465
1326748596	2201623465
1326748596	2201623465
1326748596	260788584
1326748596	260788584
1326748596	2201623465
1326748596	2216589010
1326748596	1118941682
1326748596	2201623465
1326748596	2201623465
1095238556530995200	2201623465
1095238556530995200	2201623465
1095238556530995200	2201623465
1095238556530995200	2201623465
1095238556530995200	2201623465
1095238556530995200	2201623465
1095238556530995200	1095238556530995200
1095238556530995200	266066285
1095238556530995200	2201623465
1095238556530995200	266066285
1095238556530995200	2201623465
1095238556530995200	266066285
1095238556530995200	266066285
1269484171	7996082
1269484171	529634658
784574954	3096575289
784574954	998650076519116801
784574954	784574954
482389606	2495032879
344739325	108670198
4119160593	68740712
4119160593	22954354
4119160593	22954354
4119160593	68740712
4119160593	22954354
4119160593	200194757
4119160593	68740712
3346916993	25555639
3346916993	3346916993
3346916993	344739325
3346916993	1269484171
108670198	50982086
108670198	68740712
108670198	2201623465
108670198	50982086
108670198	19028805
108670198	25555639
108670198	50982086
108670198	7996082
108670198	50982086
108670198	50982086
108670198	68740712
108670198	25555639
108670198	68740712
108670198	68740712
108670198	68740712
108670198	68740712
108670198	523386042
108670198	260788584
108670198	68740712
108670198	68740712
108670198	50982086
108670198	68740712
108670198	50982086
108670198	2201623465
108670198	2201623465
108670198	68740712
108670198	50982086
108670198	50982086
2397043430	50982086
3005765446	784574954
3005765446	784574954
3005765446	784574954
3005765446	784574954
3005765446	784574954
998650076519116801	784574954
998650076519116801	784574954
2495032879	482389606
2495032879	482389606
2495032879	482389606
2495032879	482389606
2495032879	482389606
2495032879	482389606
2301243672	68740712
2301243672	68740712
108994652	552561770
108994652	552561770
108994652	14436030
108994652	552561770
108994652	552561770
3351784787	15581283
552561770	108994652
552561770	108994652
552561770	2765834914
552561770	108994652
552561770	1267843368
552561770	108994652
552561770	2765834914
552561770	108994652
552561770	19028805
173541298	68740712
173541298	2223841798
173541298	19028805
173541298	68740712
173541298	68740712
173541298	19028805
268927636	19028805
268927636	552561770
268927636	552561770
268927636	552561770
268927636	108994652
268927636	108994652
268927636	19028805
19028805	108994652
19028805	108994652
19028805	552561770
19028805	108994652
19028805	108994652
19028805	108994652
19028805	108994652
19028805	108994652
19028805	108994652
19028805	108994652
19028805	108994652
19028805	108994652
19028805	552561770
19028805	108994652
19028805	552561770
19028805	552561770
19028805	552561770
19028805	552561770
19028805	552561770
19028805	108994652
19028805	108994652
19028805	108994652
19028805	552561770
19028805	108994652
19028805	552561770
19028805	552561770
19028805	108994652
19028805	108994652
19028805	108994652
19028805	108994652
19028805	108994652
19028805	108994652
19028805	108994652
19028805	14436030
19028805	552561770
19028805	108994652
19028805	108994652
19028805	108994652
19028805	108994652
19028805	108994652
19028805	19028805
19028805	552561770
19028805	108994652
19028805	552561770
19028805	108994652
19028805	108994652
19028805	108994652
19028805	108994652
19028805	108994652
19028805	108994652
19028805	1713259195
19028805	1713259195
19028805	1713259195
19028805	1713259195
19028805	1713259195
19028805	1713259195
19028805	1713259195
19028805	552561770
19028805	552561770
19028805	552561770
19028805	552561770
19028805	552561770
19028805	552561770
19028805	552561770
19028805	552561770
19028805	552561770
19028805	552561770
19028805	552561770
19028805	552561770
19028805	552561770
19028805	552561770
19028805	552561770
19028805	552561770
19028805	552561770
19028805	552561770
19028805	552561770
19028805	552561770
19028805	552561770
19028805	22954354
19028805	108994652
19028805	552561770
19028805	108994652
19028805	108994652
19028805	108994652
19028805	108994652
19028805	108994652
19028805	108994652
19028805	108994652
19028805	108994652
19028805	108994652
19028805	108994652
19028805	108994652
19028805	108994652
19028805	108994652
19028805	108994652
19028805	108994652
19028805	108994652
19028805	108994652
19028805	108994652
19028805	108994652
19028805	108994652
19028805	108994652
19028805	108994652
19028805	108994652
19028805	108994652
19028805	108994652
19028805	108994652
19028805	108994652
19028805	108994652
19028805	108994652
19028805	108994652
19028805	108994652
19028805	108994652
19028805	108994652
19028805	108994652
19028805	108994652
19028805	108994652
19028805	108994652
19028805	108994652
19028805	108994652
19028805	1635846486
19028805	625552603
19028805	625552603
19028805	108994652
19028805	625552603
19028805	108994652
19028805	108994652
19028805	108994652
19028805	108994652
19028805	108994652
19028805	108994652
19028805	108994652
19028805	108994652
19028805	108994652
19028805	552561770
19028805	108994652
19028805	108994652
19028805	108994652
19028805	108994652
19028805	108994652
19028805	108994652
19028805	108994652
19028805	108994652
19028805	108994652
19028805	108994652
19028805	108994652
19028805	108994652
19028805	108994652
19028805	108994652
19028805	108994652
19028805	108994652
19028805	108994652
19028805	108994652
19028805	108994652
19028805	108994652
19028805	108994652
19028805	108994652
19028805	108994652
19028805	108994652
19028805	108994652
19028805	268927636
19028805	552561770
19028805	268927636
19028805	108994652
19028805	268927636
19028805	268927636
19028805	268927636
19028805	108994652
19028805	2223841798
19028805	2223841798
19028805	2223841798
19028805	2223841798
19028805	108994652
19028805	108994652
19028805	108994652
19028805	108994652
19028805	108994652
19028805	108994652
19028805	108994652
19028805	108994652
19028805	108994652
19028805	108994652
19028805	108994652
19028805	108994652
19028805	108994652
19028805	108994652
19028805	108994652
19028805	108994652
19028805	108994652
19028805	108994652
19028805	108994652
19028805	108994652
19028805	108994652
19028805	108994652
19028805	108994652
19028805	108994652
19028805	108994652
19028805	108994652
19028805	108994652
19028805	268927636
19028805	108994652
19028805	108994652
19028805	2765834914
19028805	2765834914
19028805	2765834914
19028805	108994652
19028805	552561770
19028805	552561770
19028805	552561770
19028805	552561770
19028805	552561770
19028805	552561770
19028805	552561770
19028805	552561770
19028805	108994652
19028805	552561770
19028805	552561770
19028805	108994652
19028805	552561770
19028805	552561770
19028805	552561770
19028805	552561770
19028805	108994652
19028805	1111444609
19028805	552561770
19028805	2223841798
19028805	27038703
19028805	552561770
19028805	552561770
19028805	552561770
19028805	552561770
19028805	108994652
19028805	552561770
19028805	552561770
19028805	552561770
19028805	108994652
19028805	552561770
19028805	552561770
19028805	552561770
19028805	552561770
19028805	108994652
19028805	552561770
19028805	552561770
19028805	552561770
19028805	552561770
19028805	552561770
19028805	552561770
19028805	552561770
19028805	552561770
19028805	552561770
19028805	552561770
19028805	552561770
19028805	552561770
19028805	552561770
19028805	108994652
19028805	2223841798
19028805	2223841798
19028805	2223841798
19028805	552561770
19028805	552561770
19028805	108994652
19028805	108994652
19028805	108994652
19028805	108994652
19028805	108994652
19028805	108994652
19028805	108994652
19028805	625552603
19028805	108994652
19028805	108994652
19028805	108994652
19028805	108994652
19028805	108994652
19028805	108994652
19028805	108994652
144995624	19028805
144995624	19028805
144995624	19028805
144995624	19028805
144995624	19028805
144995624	19028805
144995624	19028805
144995624	19028805
144995624	2765834914
144995624	19028805
144995624	19028805
144995624	173541298
144995624	19028805
144995624	19028805
2609822834	19028805
2609822834	19028805
2609822834	19028805
2609822834	19028805
2609822834	552561770
2609822834	19028805
2609822834	19028805
2609822834	19028805
2609822834	19028805
2609822834	552561770
2609822834	19028805
2609822834	19028805
2591051161	2765834914
2591051161	2765834914
2591051161	2765834914
2591051161	552561770
2591051161	108994652
2591051161	19028805
2591051161	108994652
2591051161	19028805
2591051161	552561770
2591051161	19028805
2591051161	19028805
2591051161	19028805
2591051161	2765834914
2591051161	19028805
2591051161	552561770
2591051161	552561770
2591051161	19028805
2591051161	552561770
2591051161	19028805
2591051161	552561770
2591051161	2765834914
2591051161	2765834914
2591051161	2765834914
2591051161	2765834914
2591051161	19028805
2591051161	2765834914
2591051161	2765834914
2591051161	2765834914
2591051161	2765834914
2591051161	2765834914
2591051161	2765834914
2591051161	2765834914
2591051161	19028805
2591051161	2765834914
2591051161	19028805
2591051161	2223841798
2591051161	2765834914
2591051161	2223841798
2591051161	2765834914
2591051161	2223841798
2591051161	19028805
2591051161	2765834914
2591051161	2765834914
2591051161	19028805
2591051161	2765834914
2591051161	2765834914
2591051161	19028805
2591051161	2765834914
2591051161	2765834914
2591051161	2765834914
2591051161	19028805
2591051161	2765834914
2591051161	19028805
2591051161	108994652
2591051161	108994652
2591051161	108994652
2591051161	108994652
2591051161	108994652
2591051161	19028805
2591051161	108994652
2591051161	108994652
2591051161	2765834914
2591051161	2765834914
2591051161	2765834914
2591051161	2765834914
2591051161	2765834914
2591051161	2765834914
2591051161	2765834914
2591051161	2765834914
2591051161	74453123
2591051161	2765834914
2591051161	19028805
2591051161	2765834914
2591051161	2765834914
2591051161	2765834914
2591051161	2765834914
2591051161	19028805
2591051161	2765834914
2591051161	552561770
2591051161	2765834914
2591051161	19028805
2591051161	552561770
2591051161	112694236
2591051161	108994652
2591051161	2765834914
2223841798	2765834914
2223841798	108994652
2223841798	2765834914
2765834914	108994652
2765834914	2223841798
2765834914	552561770
2765834914	552561770
2765834914	552561770
2765834914	108994652
2765834914	19028805
2765834914	552561770
2765834914	108994652
2765834914	19028805
2765834914	50982086
2765834914	50982086
2765834914	50982086
2765834914	200194757
1267843368	7996082
1267843368	19028805
1267843368	19028805
1267843368	616501118
1267843368	19028805
1267843368	19028805
1267843368	19028805
1267843368	19028805
1267843368	552561770
1267843368	19028805
1267843368	108994652
1267843368	108994652
1267843368	249122306
1267843368	2250812558
1267843368	2765834914
1267843368	173541298
1267843368	173541298
1267843368	19028805
1267843368	3351784787
1267843368	3351784787
1267843368	3351784787
1267843368	616501118
1267843368	3351784787
1267843368	616501118
2250812558	108994652
2250812558	552561770
2250812558	19028805
2250812558	108994652
2250812558	19028805
2250812558	19028805
2250812558	19028805
1635846486	108994652
1635846486	108994652
1635846486	552561770
1635846486	108994652
1635846486	108994652
1635846486	108994652
1635846486	108994652
1635846486	552561770
1635846486	108994652
1635846486	108994652
1635846486	552561770
1635846486	19028805
1635846486	552561770
1635846486	552561770
1635846486	552561770
1635846486	108994652
1635846486	108994652
1635846486	108994652
1635846486	108994652
1635846486	108994652
1635846486	108994652
1635846486	108994652
1635846486	108994652
1635846486	108994652
1635846486	108994652
1635846486	108994652
1635846486	108994652
1635846486	108994652
1635846486	108994652
1635846486	108994652
1635846486	108994652
1635846486	108994652
1635846486	625552603
1635846486	625552603
1635846486	108994652
1635846486	108994652
1635846486	19028805
1635846486	625552603
1635846486	19028805
1635846486	108994652
1635846486	19028805
1635846486	19028805
1635846486	19028805
1635846486	108994652
1635846486	19028805
1635846486	108994652
1635846486	108994652
1635846486	108994652
1635846486	19028805
1635846486	108994652
1635846486	108994652
1635846486	108994652
1635846486	19028805
1635846486	108994652
1635846486	19028805
1635846486	19028805
1635846486	108994652
1635846486	108994652
1635846486	108994652
1635846486	19028805
1635846486	19028805
1635846486	108994652
1635846486	625552603
1635846486	552561770
1635846486	625552603
1635846486	625552603
1635846486	108994652
1635846486	625552603
1635846486	625552603
1635846486	625552603
1635846486	625552603
1635846486	108994652
1635846486	552561770
1635846486	552561770
1635846486	108994652
1635846486	625552603
1635846486	625552603
1635846486	108994652
1635846486	108994652
2613131558	1196286932
2613131558	19028805
2613131558	19028805
2613131558	1196286932
2613131558	2613131558
2613131558	19028805
2613131558	1196286932
2613131558	1196286932
2613131558	552561770
2613131558	1196286932
2613131558	1196286932
2613131558	1196286932
2613131558	1196286932
2613131558	1196286932
2613131558	108994652
2613131558	108994652
2613131558	108994652
2613131558	2613131558
2613131558	1196286932
2613131558	552561770
1196286932	19028805
1196286932	19028805
1196286932	19028805
625552603	19028805
625552603	108994652
625552603	108994652
249122306	552561770
249122306	19028805
249122306	108994652
249122306	68740712
249122306	911000017
249122306	50982086
249122306	280405370
249122306	280405370
249122306	552561770
249122306	552561770
249122306	552561770
249122306	50982086
249122306	552561770
249122306	552561770
249122306	19028805
249122306	1400848982
249122306	19028805
249122306	50982086
249122306	19028805
249122306	50982086
249122306	108994652
249122306	50982086
249122306	16084460
249122306	280405370
249122306	2223841798
249122306	19028805
249122306	68740712
249122306	552561770
249122306	19028805
249122306	108994652
249122306	50982086
249122306	108994652
249122306	108994652
249122306	50982086
249122306	19028805
249122306	50982086
249122306	19028805
249122306	108994652
249122306	260788584
249122306	108994652
249122306	68740712
249122306	108994652
249122306	68740712
249122306	108994652
249122306	1400848982
249122306	19028805
249122306	2765834914
249122306	19028805
249122306	19028805
249122306	108994652
249122306	19028805
249122306	50982086
249122306	19028805
249122306	2765834914
249122306	552561770
249122306	19028805
249122306	68740712
249122306	68740712
1400848982	249122306
1400848982	19028805
1400848982	552561770
1400848982	19028805
1400848982	249122306
1400848982	108994652
1400848982	19028805
1400848982	249122306
1400848982	108994652
1400848982	249122306
1400848982	249122306
1400848982	249122306
1400848982	249122306
1400848982	249122306
1400848982	249122306
1400848982	1400848982
1400848982	249122306
1400848982	249122306
1400848982	249122306
1400848982	19028805
1400848982	249122306
1400848982	1400848982
1400848982	108994652
1400848982	108994652
1400848982	19028805
1400848982	108994652
1400848982	108994652
1400848982	249122306
1400848982	19028805
1400848982	19028805
1400848982	249122306
1400848982	19028805
1400848982	249122306
1400848982	249122306
1400848982	108994652
1400848982	19028805
1400848982	19028805
1400848982	108994652
1400848982	19028805
1400848982	19028805
1400848982	249122306
15442630	22954354
15442630	310187114
15442630	50982086
15442630	20509689
15442630	2201623465
15442630	68740712
15442630	2201623465
15442630	20509689
15442630	15442630
15442630	15442630
15442630	68740712
15442630	15442630
15442630	68740712
15442630	20509689
15442630	523386042
15442630	482389606
15442630	15442630
15442630	482389606
15442630	20509689
15442630	15442630
15442630	15442630
15442630	15442630
15442630	16084460
15442630	15442630
15442630	16084460
15442630	15442630
15442630	68740712
15442630	50982086
15442630	15442630
15442630	2201623465
15442630	15442630
15442630	16084460
15442630	50982086
15442630	20509689
15442630	15442630
15442630	2201623465
15442630	15442630
15442630	16084460
15442630	50982086
15442630	20509689
15442630	15442630
15442630	15442630
15442630	68740712
15442630	50982086
15442630	15442630
15442630	68740712
15442630	68740712
15442630	523386042
15442630	108994652
15442630	50982086
15442630	260788584
15442630	15442630
15442630	19028805
15442630	2201623465
15442630	68740712
15442630	260788584
15442630	68740712
15442630	2201623465
15442630	260788584
15442630	523386042
15442630	108994652
15442630	68740712
15442630	68740712
15442630	108994652
15442630	108994652
15442630	260788584
15442630	15442630
15442630	15442630
15442630	50982086
15442630	20509689
15442630	15442630
15442630	15442630
15442630	2201623465
15442630	50982086
15442630	20509689
15442630	2201623465
15442630	19028805
15442630	523386042
15442630	68740712
20448792	278955879
20448792	50982086
20448792	68740712
20448792	278955879
20448792	19028805
20448792	20448792
20448792	20448792
20448792	20448792
20448792	20448792
20448792	20448792
20448792	260788584
20448792	523386042
20448792	20448792
20448792	20448792
20448792	68740712
20448792	68740712
20448792	68740712
20448792	482389606
20448792	68740712
20448792	108994652
20448792	68740712
20448792	68740712
20448792	260788584
20448792	68740712
20448792	523386042
20448792	19028805
20448792	20448792
20448792	2201623465
20448792	108994652
20448792	20448792
20448792	20448792
20448792	20448792
20448792	68740712
20448792	20448792
20448792	20448792
20448792	20448792
20448792	20448792
20448792	20448792
20448792	20448792
20448792	911000017
20448792	343447873
20448792	20448792
169538164	320863192
169538164	320863192
169538164	320863192
169538164	1102891902108618753
169538164	1102891902108618753
169538164	1102891902108618753
169538164	1102891902108618753
169538164	1102891902108618753
169538164	1102891902108618753
169538164	1102891902108618753
169538164	1102891902108618753
169538164	1102891902108618753
169538164	1102891902108618753
169538164	1102891902108618753
169538164	1102891902108618753
169538164	1102891902108618753
169538164	320863192
169538164	1102891902108618753
169538164	1102891902108618753
169538164	320863192
169538164	320863192
169538164	320863192
169538164	320863192
169538164	320863192
169538164	320863192
169538164	19028805
169538164	68740712
169538164	320863192
169538164	320863192
169538164	320863192
169538164	320863192
169538164	320863192
169538164	320863192
38640768	68740712
38640768	20509689
38640768	2201623465
38640768	523386042
38640768	2201623465
38640768	2201623465
38640768	68740712
38640768	482389606
38640768	2201623465
38640768	579741408
38640768	260788584
38640768	20509689
38640768	68740712
38640768	68740712
38640768	68740712
38640768	307570052
38640768	2201623465
38640768	523386042
38640768	20509689
38640768	2201623465
38640768	68740712
38640768	260788584
38640768	2201623465
38640768	50982086
38640768	68740712
38640768	523386042
38640768	307570052
38640768	20509689
38640768	108994652
38640768	68740712
38640768	482389606
38640768	108994652
38640768	202372417
38640768	108994652
38640768	260788584
38640768	20509689
38640768	19028805
38640768	2201623465
38640768	68740712
38640768	523386042
38640768	108994652
38640768	2201623465
38640768	552561770
38640768	20509689
38640768	68740712
38640768	482389606
38640768	2201623465
38640768	50982086
38640768	108994652
38640768	579741408
38640768	260788584
38640768	523386042
38640768	523386042
38640768	68740712
38640768	579741408
38640768	25555639
38640768	68740712
38640768	260788584
38640768	2201623465
38640768	50982086
38640768	303168830
38640768	68740712
38640768	523386042
22914352	22914352
74453123	74453123
74453123	74453123
74453123	198234233
74453123	74453123
74453123	198234233
74453123	198234233
74453123	198234233
74453123	198234233
74453123	74453123
74453123	74453123
74453123	198234233
74453123	198234233
74453123	198234233
74453123	74453123
74453123	198234233
74453123	198234233
74453123	74453123
74453123	198234233
74453123	74453123
74453123	74453123
74453123	74453123
74453123	198234233
74453123	198234233
74453123	74453123
74453123	198234233
74453123	74453123
74453123	74453123
74453123	74453123
74453123	74453123
74453123	198234233
74453123	74453123
74453123	74453123
107460646	107460646
112694236	234850566
112694236	838034907607740417
112694236	234850566
112694236	1024011500
112694236	838034907607740417
112694236	1024011500
112694236	838034907607740417
112694236	1024011500
112694236	1024011500
112694236	234850566
112694236	902495410903756800
112694236	270996365
112694236	249242910
112694236	249242910
112694236	1024011500
112694236	392749463
112694236	1024011500
112694236	1024011500
112694236	838034907607740417
112694236	523386042
112694236	20509689
112694236	249242910
112694236	249242910
112694236	902495410903756800
112694236	1024011500
112694236	1024011500
112694236	234850566
112694236	838034907607740417
112694236	523386042
112694236	20509689
112694236	299886612
112694236	523386042
112694236	20509689
112694236	252272255
112694236	234850566
112694236	249242910
112694236	392749463
112694236	392749463
112694236	392749463
112694236	552561770
112694236	249242910
112694236	307570052
112694236	310187114
112694236	2216589010
112694236	307570052
112694236	20509689
112694236	552561770
112694236	19028805
112694236	2216589010
112694236	2201623465
112694236	2216589010
112694236	2201623465
112694236	310187114
112694236	2216589010
112694236	552561770
112694236	310187114
112694236	307570052
112694236	20509689
112694236	310187114
112694236	2216589010
112694236	2201623465
112694236	310187114
112694236	307570052
112694236	20509689
112694236	552561770
112694236	307570052
112694236	2216589010
112694236	2201623465
112694236	310187114
112694236	307570052
112694236	252272255
112694236	552561770
112694236	310187114
112694236	20509689
112694236	552561770
112694236	310187114
112694236	307570052
112694236	20509689
112694236	310187114
112694236	307570052
112694236	552561770
112694236	2216589010
112694236	2201623465
112694236	552561770
112694236	19028805
112694236	552561770
112694236	310187114
112694236	307570052
112694236	310187114
112694236	2216589010
112694236	2201623465
112694236	310187114
112694236	307570052
112694236	20509689
112694236	310187114
112694236	307570052
112694236	310187114
112694236	552561770
112694236	2216589010
112694236	310187114
112694236	552561770
112694236	310187114
112694236	307570052
112694236	20509689
112694236	552561770
112694236	2216589010
112694236	2201623465
112694236	2216589010
112694236	2201623465
112694236	310187114
112694236	68740712
112694236	2216589010
112694236	2201623465
112694236	310187114
112694236	307570052
112694236	20509689
112694236	552561770
112694236	19028805
112694236	310187114
112694236	19028805
112694236	552561770
112694236	310187114
112694236	2216589010
112694236	552561770
112694236	2216589010
112694236	2201623465
112694236	2216589010
112694236	2201623465
112694236	310187114
112694236	310187114
112694236	20509689
112694236	307570052
112694236	20509689
112694236	2216589010
112694236	2201623465
112694236	552561770
112694236	552561770
112694236	19028805
112694236	307570052
112694236	20509689
112694236	310187114
112694236	2216589010
112694236	2201623465
112694236	310187114
112694236	552561770
112694236	19028805
112694236	552561770
112694236	310187114
112694236	2216589010
112694236	2201623465
112694236	22954354
112694236	552561770
112694236	307570052
112694236	552561770
112694236	310187114
112694236	2216589010
112694236	22954354
112694236	307570052
112694236	20509689
112694236	22954354
112694236	22954354
112694236	50982086
112694236	310187114
112694236	22954354
112694236	552561770
112694236	19028805
112694236	22954354
112694236	392749463
112694236	22954354
112694236	244132654
112694236	252272255
112694236	234850566
112694236	270996365
112694236	1024011500
112694236	22954354
112694236	244132654
112694236	244132654
112694236	249242910
112694236	838034907607740417
112694236	252272255
112694236	249242910
112694236	252272255
112694236	249242910
112694236	270996365
112694236	1024011500
112694236	1024011500
112694236	902495410903756800
112694236	1024011500
112694236	902495410903756800
112694236	1024011500
112694236	234850566
112694236	299886612
112694236	392749463
112694236	1024011500
112694236	902495410903756800
112694236	1024011500
112694236	299886612
112694236	392749463
112694236	234850566
112694236	902495410903756800
112694236	299886612
112694236	392749463
112694236	234850566
112694236	299886612
112694236	299886612
112694236	392749463
112694236	838034907607740417
112694236	234850566
112694236	252272255
112694236	249242910
112694236	244132654
112694236	902495410903756800
112694236	838034907607740417
112694236	249242910
112694236	249242910
112694236	249242910
112694236	838034907607740417
112694236	234850566
112694236	252272255
112694236	252272255
112694236	234850566
112694236	234850566
112694236	244132654
112694236	252272255
112694236	249242910
112694236	902495410903756800
112694236	838034907607740417
112694236	299886612
112694236	249242910
112694236	234850566
112694236	838034907607740417
112694236	234850566
112694236	252272255
112694236	299886612
112694236	299886612
112694236	252272255
112694236	244132654
112694236	252272255
112694236	838034907607740417
112694236	523386042
112694236	68740712
112694236	108994652
112694236	260788584
112694236	108994652
112694236	260788584
112694236	68740712
112694236	68740712
112694236	260788584
112694236	523386042
112694236	20509689
112694236	68740712
112694236	50982086
112694236	108994652
112694236	19028805
112694236	260788584
112694236	68740712
112694236	523386042
112694236	20509689
112694236	523386042
112694236	20509689
112694236	260788584
112694236	68740712
112694236	20509689
112694236	523386042
112694236	260788584
112694236	108994652
112694236	19028805
112694236	68740712
112694236	523386042
112694236	108994652
112694236	19028805
112694236	523386042
112694236	20509689
112694236	260788584
112694236	108994652
112694236	19028805
112694236	68740712
112694236	50982086
112694236	108994652
112694236	260788584
112694236	260788584
112694236	523386042
112694236	20509689
112694236	260788584
112694236	68740712
112694236	523386042
112694236	108994652
112694236	260788584
112694236	68740712
112694236	523386042
112694236	270996365
112694236	260788584
112694236	108994652
112694236	19028805
112694236	260788584
112694236	68740712
112694236	523386042
112694236	20509689
112694236	108994652
112694236	19028805
112694236	68740712
112694236	50982086
112694236	68740712
112694236	68740712
112694236	108994652
112694236	19028805
112694236	523386042
112694236	68740712
112694236	20509689
112694236	68740712
112694236	68740712
112694236	523386042
112694236	20509689
112694236	523386042
112694236	260788584
112694236	68740712
112694236	108994652
112694236	19028805
112694236	523386042
112694236	20509689
112694236	523386042
112694236	20509689
112694236	260788584
112694236	68740712
112694236	260788584
112694236	260788584
112694236	68740712
112694236	108994652
112694236	19028805
112694236	523386042
112694236	20509689
112694236	523386042
112694236	20509689
112694236	260788584
112694236	158342368
112694236	68740712
112694236	20509689
112694236	19028805
112694236	260788584
112694236	260788584
112694236	523386042
112694236	20509689
112694236	68740712
112694236	50982086
112694236	260788584
112694236	108994652
112694236	523386042
112694236	20509689
112694236	108994652
112694236	260788584
112694236	108994652
112694236	68740712
112694236	108994652
112694236	19028805
112694236	523386042
112694236	20509689
112694236	260788584
112694236	523386042
112694236	20509689
112694236	523386042
112694236	20509689
112694236	68740712
112694236	260788584
112694236	108994652
112694236	19028805
112694236	260788584
112694236	523386042
112694236	68740712
112694236	260788584
112694236	108994652
112694236	19028805
112694236	244132654
112694236	523386042
112694236	68740712
112694236	108994652
112694236	19028805
112694236	68740712
112694236	260788584
112694236	108994652
112694236	19028805
112694236	523386042
112694236	20509689
112694236	260788584
112694236	523386042
112694236	20509689
112694236	108994652
112694236	19028805
112694236	902495410903756800
112694236	523386042
112694236	68740712
112694236	20509689
112694236	68740712
112694236	108994652
112694236	19028805
112694236	523386042
112694236	20509689
112694236	108994652
112694236	19028805
112694236	260788584
112694236	260788584
112694236	68740712
112694236	523386042
112694236	20509689
112694236	68740712
112694236	50982086
112694236	68740712
112694236	260788584
112694236	108994652
112694236	19028805
112694236	50982086
112694236	270996365
112694236	112694236
112694236	252272255
112694236	68740712
112694236	20509689
112694236	523386042
112694236	19028805
112694236	108994652
112694236	252272255
112694236	2201623465
112694236	260788584
112694236	902495410903756800
112694236	270996365
112694236	244132654
112694236	838034907607740417
112694236	244132654
112694236	252272255
112694236	244132654
112694236	270996365
112694236	838034907607740417
112694236	392749463
112694236	270996365
112694236	392749463
112694236	270996365
112694236	270996365
112694236	902495410903756800
112694236	244132654
112694236	392749463
112694236	299886612
112694236	270996365
112694236	838034907607740417
112694236	20509689
112694236	523386042
112694236	20509689
112694236	523386042
112694236	20509689
112694236	392749463
112694236	523386042
112694236	20509689
112694236	307570052
112694236	20509689
112694236	20509689
112694236	902495410903756800
112694236	270996365
112694236	523386042
112694236	307570052
112694236	20509689
112694236	20509689
112694236	523386042
112694236	307570052
112694236	20509689
112694236	838034907607740417
112694236	244132654
112694236	392749463
112694236	20509689
112694236	20509689
112694236	20509689
112694236	20509689
112694236	20509689
112694236	20509689
112694236	20509689
112694236	20509689
112694236	299886612
112694236	20509689
112694236	523386042
112694236	20509689
112694236	20509689
112694236	20509689
112694236	20509689
112694236	20509689
112694236	523386042
112694236	307570052
112694236	20509689
112694236	20509689
112694236	523386042
112694236	307570052
112694236	20509689
112694236	20509689
112694236	1111444609
112694236	299886612
112694236	299886612
112694236	392749463
112694236	902495410903756800
112694236	902495410903756800
112694236	112694236
112694236	249242910
112694236	838034907607740417
112694236	270996365
112694236	392749463
112694236	299886612
112694236	838034907607740417
112694236	902495410903756800
112694236	902495410903756800
112694236	249242910
112694236	270996365
112694236	392749463
112694236	244132654
112694236	902495410903756800
112694236	244132654
112694236	1024011500
198829810	198829810
198829810	68740712
198829810	20509689
198829810	19028805
198829810	68740712
198829810	523386042
198829810	20509689
198829810	50982086
198829810	68740712
198829810	68740712
198829810	68740712
198829810	68740712
198829810	198829810
198829810	68740712
198829810	20509689
198829810	19028805
198829810	50982086
198829810	68740712
198829810	20509689
198829810	68740712
198829810	68740712
198829810	68740712
198829810	68740712
198829810	108994652
198829810	68740712
198829810	19028805
198829810	74205573
198829810	198829810
198829810	68740712
198829810	482389606
198829810	68740712
198829810	20509689
198829810	2201623465
198829810	198829810
198829810	68740712
198829810	68740712
198829810	68740712
198829810	68740712
198829810	68740712
198829810	50982086
198829810	50982086
198829810	198829810
198829810	198829810
198829810	68740712
198829810	20509689
198829810	19028805
198829810	68740712
198829810	50982086
198829810	20509689
198829810	19028805
198829810	198829810
198829810	68740712
198829810	19028805
198829810	482389606
198829810	198829810
198829810	198829810
198829810	198829810
198829810	68740712
198829810	50982086
8204452	482389606
8204452	68740712
8204452	260788584
8204452	523386042
8204452	202372417
8204452	260788584
8204452	8204452
8204452	2201623465
8204452	280405370
8204452	8204452
8204452	523386042
8204452	8204452
8204452	2201623465
8204452	68740712
8204452	280405370
8204452	8204452
8204452	48976307
8204452	523386042
8204452	260788584
8204452	108994652
8204452	108994652
8204452	8204452
8204452	108994652
8204452	68740712
8204452	20509689
8204452	8204452
8204452	68740712
8204452	523386042
8204452	260788584
8204452	8204452
8204452	108994652
8204452	202372417
8204452	8204452
8204452	482389606
8204452	68740712
8204452	202372417
8204452	8204452
8204452	280405370
14304620	68740712
14304620	482389606
14304620	68740712
14304620	260788584
14304620	2201623465
14304620	50982086
14304620	20509689
14304620	19028805
14304620	50982086
14304620	68740712
14304620	2201623465
14304620	50982086
1111444609	19028805
1111444609	2201623465
1111444609	50982086
1111444609	19028805
1111444609	50982086
1111444609	50982086
1111444609	50982086
1111444609	20509689
1111444609	50982086
1111444609	2201623465
1111444609	482389606
1111444609	108994652
1111444609	68740712
1111444609	20509689
1111444609	1111444609
1111444609	20509689
1111444609	50982086
1111444609	20509689
1111444609	50982086
1111444609	20509689
1111444609	50982086
1111444609	20509689
1111444609	2201623465
1111444609	68740712
1111444609	19028805
1111444609	2201623465
1111444609	20509689
1111444609	2201623465
1111444609	19028805
1111444609	19028805
1111444609	108994652
1111444609	108994652
1111444609	19028805
1111444609	22954354
1111444609	1111444609
1111444609	1111444609
1111444609	1118941682
1111444609	1118941682
1111444609	1118941682
1111444609	1118941682
1111444609	1118941682
1111444609	1118941682
1111444609	1118941682
1111444609	1118941682
1111444609	1118941682
1111444609	523386042
1111444609	1118941682
1111444609	523386042
1111444609	68740712
1111444609	1118941682
1111444609	68740712
1111444609	68740712
1111444609	19028805
1111444609	68740712
1111444609	1118941682
1111444609	1111444609
1111444609	68740712
1111444609	68740712
1111444609	68740712
1111444609	68740712
1111444609	68740712
1111444609	68740712
1111444609	68740712
1111444609	68740712
1111444609	343447873
1111444609	68740712
1111444609	68740712
1111444609	68740712
1111444609	68740712
1111444609	68740712
1111444609	68740712
1111444609	68740712
1111444609	68740712
1111444609	108994652
1111444609	68740712
1111444609	303168830
1111444609	68740712
1111444609	68740712
1111444609	68740712
1111444609	68740712
1111444609	68740712
1111444609	68740712
1111444609	50982086
1111444609	68740712
1111444609	68740712
1111444609	68740712
1111444609	68740712
1111444609	50982086
1111444609	68740712
1111444609	68740712
1111444609	22954354
1111444609	22954354
1713259195	19028805
1713259195	19028805
1713259195	19028805
1713259195	19028805
1713259195	19028805
1713259195	19028805
1713259195	19028805
1713259195	19028805
1713259195	20509689
1713259195	20509689
1713259195	20509689
1713259195	20509689
1713259195	20509689
1713259195	20509689
1713259195	20509689
1713259195	68740712
1713259195	50982086
1713259195	68740712
1713259195	50982086
1713259195	68740712
1713259195	68740712
1713259195	50982086
1713259195	68740712
1713259195	50982086
1713259195	68740712
1713259195	50982086
1713259195	68740712
1713259195	50982086
1713259195	68740712
1713259195	48976307
1713259195	2201623465
1713259195	2495032879
1713259195	2495032879
22954354	1111444609
22954354	1111444609
22954354	22954354
22954354	1111444609
22954354	1111444609
22954354	1111444609
22954354	22954354
22954354	22954354
22954354	22954354
22954354	22954354
22954354	22954354
22954354	22954354
22954354	22954354
22954354	22954354
22954354	22954354
22954354	22954354
22954354	1111444609
22954354	22954354
22954354	22954354
22954354	22954354
22954354	22954354
22954354	22954354
22954354	22954354
22954354	202372417
22954354	22954354
22954354	22954354
22954354	482389606
22954354	22954354
22954354	22954354
22954354	1111444609
22954354	22954354
22954354	22954354
22954354	22954354
22954354	1111444609
22954354	50982086
22954354	1111444609
22954354	1111444609
22954354	1111444609
22954354	1111444609
22954354	1111444609
22954354	68740712
22954354	1111444609
22954354	1111444609
22954354	68740712
22954354	22954354
22954354	1111444609
22954354	1269484171
22954354	22954354
22954354	22954354
22954354	22954354
22954354	50982086
22954354	22954354
22954354	22954354
22954354	1111444609
392749463	112694236
392749463	112694236
392749463	299886612
392749463	112694236
392749463	112694236
392749463	112694236
392749463	112694236
392749463	112694236
838034907607740417	112694236
838034907607740417	112694236
838034907607740417	7996082
838034907607740417	112694236
838034907607740417	112694236
838034907607740417	112694236
838034907607740417	112694236
838034907607740417	112694236
838034907607740417	112694236
299886612	784574954
244132654	22954354
244132654	112694236
244132654	112694236
244132654	112694236
244132654	112694236
244132654	112694236
244132654	2201623465
244132654	22954354
244132654	112694236
244132654	2201623465
244132654	299886612
244132654	392749463
244132654	22954354
244132654	22954354
244132654	112694236
244132654	112694236
244132654	112694236
244132654	112694236
244132654	112694236
244132654	112694236
244132654	112694236
244132654	50982086
244132654	112694236
234850566	112694236
234850566	112694236
234850566	112694236
234850566	112694236
234850566	112694236
234850566	112694236
234850566	112694236
234850566	112694236
234850566	112694236
234850566	112694236
234850566	112694236
234850566	112694236
240823737	240823737
240823737	240823737
240823737	1637483929
240823737	1637483929
240823737	240823737
240823737	240823737
240823737	240823737
240823737	240823737
240823737	240823737
240823737	240823737
240823737	240823737
15581283	805508913261146112
15581283	2201623465
15581283	50982086
15581283	307570052
15581283	19028805
15581283	20509689
15581283	25555639
15581283	805508913261146112
15581283	2201623465
15581283	50982086
15581283	20509689
15581283	19028805
15581283	2201623465
15581283	25555639
15581283	249122306
15581283	19028805
15581283	523386042
15581283	523386042
15581283	20509689
15581283	19028805
15581283	25555639
15581283	805508913261146112
15581283	482389606
15581283	482389606
15581283	260788584
15581283	108994652
15581283	68740712
15581283	523386042
15581283	15581283
15581283	68740712
15581283	523386042
15581283	108994652
15581283	260788584
15581283	15581283
15581283	50982086
15581283	3351784787
15581283	523386042
15581283	68740712
15581283	25555639
15581283	68740712
15581283	68740712
15581283	50982086
102687520	102687520
102687520	68740712
102687520	2201623465
102687520	260788584
102687520	278955879
102687520	68740712
102687520	68740712
102687520	108994652
102687520	260788584
102687520	2201623465
102687520	50982086
102687520	2495032879
102687520	1118941682
102687520	102687520
102687520	102687520
70525013	108994652
44898619	44898619
44898619	44898619
44898619	44898619
137354094	523386042
137354094	50982086
137354094	68740712
137354094	108994652
137354094	482389606
137354094	260788584
137354094	108994652
137354094	482389606
137354094	260788584
137354094	523386042
137354094	50982086
137354094	68740712
224074203	68740712
224074203	20509689
224074203	20509689
224074203	20509689
224074203	20509689
224074203	20509689
224074203	20509689
224074203	20509689
224074203	20509689
224074203	579741408
224074203	20509689
224074203	20509689
224074203	20509689
224074203	523386042
224074203	20509689
224074203	20509689
224074203	20509689
224074203	20509689
224074203	20509689
224074203	20509689
224074203	20509689
224074203	523386042
224074203	20509689
496754154	523386042
496754154	523386042
496754154	20509689
496754154	20509689
496754154	523386042
496754154	523386042
124746336	2201623465
124746336	2201623465
124746336	2201623465
124746336	2201623465
124746336	2201623465
124746336	2201623465
124746336	2201623465
124746336	2201623465
124746336	2201623465
124746336	2201623465
124746336	2201623465
124746336	2201623465
124746336	2201623465
124746336	2201623465
124746336	2201623465
124746336	2201623465
124746336	2201623465
124746336	2201623465
124746336	2201623465
124746336	2201623465
124746336	2201623465
124746336	2201623465
124746336	2201623465
124746336	2201623465
124746336	2201623465
124746336	2201623465
124746336	2201623465
124746336	2201623465
124746336	2201623465
124746336	2201623465
124746336	2201623465
27038703	2876878144
27038703	2223841798
27038703	2216589010
233406889	233406889
233406889	233406889
233406889	233406889
233406889	233406889
1005608908180860929	68740712
1005608908180860929	50982086
1005608908180860929	68740712
1005608908180860929	68740712
1005608908180860929	50982086
1005608908180860929	18097083
3439292716	260788584
200568348	2201623465
200568348	50982086
200568348	1118941682
200568348	2201623465
200568348	2216589010
200568348	18979745
200568348	1267843368
200568348	2379309613
200568348	260788584
200568348	200568348
200568348	48976307
200568348	2201623465
200568348	260788584
200568348	260788584
200568348	482389606
200568348	2201623465
200568348	260788584
200568348	2201623465
200568348	260788584
200568348	260788584
200568348	68740712
200568348	260788584
200568348	260788584
200568348	260788584
200568348	200568348
200568348	68740712
200568348	108994652
200568348	260788584
200568348	2201623465
200568348	260788584
200568348	2201623465
200568348	68740712
200568348	523386042
200568348	108994652
200568348	68740712
200568348	523386042
200568348	68740712
200568348	260788584
200568348	68740712
200568348	523386042
200568348	108994652
200568348	200568348
200568348	260788584
200568348	200568348
200568348	1118941682
200568348	2201623465
200568348	1118941682
200568348	2201623465
200568348	20509689
200568348	77963344
200568348	2201623465
200568348	48976307
200568348	303168830
200568348	48976307
200568348	200194757
200568348	200194757
200568348	200568348
78106895	78106895
78106895	78106895
78106895	78106895
78106895	78106895
78106895	78106895
78106895	78106895
78106895	78106895
78106895	78106895
78106895	78106895
78106895	78106895
78106895	78106895
78106895	78106895
78106895	2201623465
78106895	2216589010
78106895	78106895
78106895	78106895
78106895	78106895
78106895	78106895
78106895	78106895
78106895	78106895
78106895	78106895
78106895	78106895
78106895	78106895
78106895	78106895
78106895	78106895
78106895	78106895
78106895	78106895
78106895	78106895
78106895	78106895
78106895	78106895
78106895	78106895
78106895	78106895
78106895	78106895
78106895	78106895
78106895	78106895
78106895	78106895
78106895	78106895
78106895	78106895
78106895	78106895
78106895	78106895
78106895	78106895
78106895	78106895
78106895	78106895
78106895	78106895
78106895	78106895
78106895	78106895
78106895	78106895
78106895	78106895
78106895	78106895
78106895	78106895
78106895	78106895
78106895	78106895
78106895	78106895
78106895	78106895
78106895	78106895
78106895	78106895
78106895	78106895
78106895	78106895
78106895	78106895
78106895	78106895
78106895	78106895
78106895	78106895
78106895	78106895
78106895	78106895
78106895	78106895
78106895	78106895
78106895	78106895
78106895	78106895
78106895	78106895
78106895	78106895
78106895	78106895
78106895	78106895
78106895	78106895
17214331	260788584
298172693	50982086
298172693	68740712
876703253228126208	482389606
876703253228126208	202372417
876703253228126208	260788584
876703253228126208	200194757
241993704	27038703
241993704	27038703
241993704	27038703
241993704	27038703
241993704	27038703
241993704	27038703
241993704	2216589010
826854837304360960	78106895
826854837304360960	78106895
826854837304360960	200568348
826854837304360960	27038703
826854837304360960	15442630
826854837304360960	200568348
826854837304360960	78106895
826854837304360960	19923515
826854837304360960	27038703
826854837304360960	200568348
826854837304360960	112694236
826854837304360960	19923515
826854837304360960	19923515
826854837304360960	78106895
826854837304360960	27038703
826854837304360960	200568348
826854837304360960	44898619
826854837304360960	27038703
826854837304360960	78106895
826854837304360960	200568348
826854837304360960	78106895
870518544	3439292716
870518544	3439292716
870518544	3439292716
870518544	3439292716
870518544	3439292716
870518544	3439292716
870518544	3439292716
870518544	3439292716
870518544	3439292716
870518544	3439292716
870518544	3439292716
870518544	3439292716
870518544	3439292716
