1164185
33874
53789
64131
3635
28936
33311
367
105148
12244
195384
11567
16766
741325
105259
178553
79381
22827
49119
29592
143093
749701
321195
89391
12189
10153
5953
3590
7035
41690
64147
7623
30045
40454
106841
35531
74909
70516
1615425
390456
362994
125133
52527
60712
66327
30235
23139
34018
89877
17758
178466
35238
48826
61891
31735
26565
38773
11874
3931
2446780
1460022
89738
338307
899860
63036
44268
45162
76980
487508
83816
548563
35383
26528
13547
151558
5335
1175630
26195
584557
68511
33147
516937
5521
7767
17106
28409
143243
140676
49735
22988
25985
4666
4652
23131
247723
12843
7244785
148680
259930
3473716
1797772
507924
365064
152449
10935
1096983
517317
647500
225751
80962
179008
20876
986232
10132
444
170
378
570
2546
234
738
542
411
627
1607
94867
121414
24965
152078
121645
97407
168885
76709
45633
1495
34516
165458
50199
23262
3957
188204
60733
58574
182880
40208
14708
158622
9944
53487
